<simulation verbosity="high">
   <ffsocket mode='unix' name="cp2k" pbc="false">
      <latency> 1.00000000e-04 </latency> <address> driver.ch5.piglet </address>
   </ffsocket>
   <total_steps> 8000 </total_steps>
   <output prefix="simulation">
      <properties stride="4" filename="out"> [ step, time{femtosecond}, conserved, temperature, kinetic_cv, 
            potential, kinetic_cv(H), kinetic_cv(C) ] </properties>
      <trajectory filename="pos" format="pdb" stride="40" cell_units="angstrom"> positions{angstrom} </trajectory>
   </output>
   <prng>
      <seed> 18885 </seed>
   </prng>
   <system>
   <initialize nbeads="24">
    <file mode="chk"> init.chk</file>
    <cell mode="abc"> [ 25., 25.0, 25.0 ]  </cell>
    <velocities mode="thermal" units='kelvin'> 100 </velocities>
   </initialize>
   <forces> <force forcefield="cp2k"> </force>   </forces>
  <motion mode='dynamics'>
   <dynamics mode='nvt'>
  <timestep units="femtosecond"> 0.25 </timestep>
      <thermostat mode='nm_gle'>
    <A shape='(24,9,9)'>
[
   1.300513766690e-2,    9.078220950722e-6,    8.180522706851e-6,    1.196620464216e-5,    1.108609196233e-4,   -8.941338246404e-4,    7.817382329484e-3,   -1.206049888192e-2,   -5.215913547478e-2, 
  -9.756343549369e-6,    2.131200614277e-7,    2.972243541454e-6,   -4.459298032276e-6,    2.177011229810e-7,    4.960251269751e-7,   -2.083064995647e-6,   -7.004617074013e-6,    2.299410255689e-5, 
  -1.851243089560e-6,   -2.972243541454e-6,    1.956991859501e-6,    1.742357040415e-6,   -2.082265548357e-6,   -1.760771137012e-6,   -3.733162998255e-6,   -3.711884630223e-5,   -3.625483838477e-5, 
   1.492481502899e-5,    4.459298032276e-6,   -1.742357040415e-6,    5.092476869103e-6,    2.033910859306e-6,    5.856365217540e-7,   -3.020170664006e-6,    1.868034354962e-5,   -5.049113665348e-6, 
   1.059383195368e-4,   -2.177011229810e-7,    2.082265548357e-6,   -2.033910859306e-6,    5.467813757620e-5,   -6.684243951800e-6,   -9.770331146786e-7,   -2.159991642805e-4,    4.667176340213e-4, 
  -7.611448585233e-4,   -4.960251269751e-7,    1.760771137012e-6,   -5.856365217540e-7,    6.684243951800e-6,    6.616597356640e-4,   -1.637891086976e-6,   -2.056652206438e-4,    2.960975881160e-4, 
   7.659946833472e-3,    2.083064995647e-6,    3.733162998255e-6,    3.020170664006e-6,    9.770331146786e-7,    1.637891086976e-6,    6.390977118535e-3,   -6.246090363901e-5,    5.054994461623e-4, 
  -1.078245092236e-2,    7.004617074013e-6,    3.711884630223e-5,   -1.868034354962e-5,    2.159991642805e-4,    2.056652206438e-4,    6.246090363901e-5,    1.730397061203e-1,    1.004651317366e-4, 
  -5.467410217589e-2,   -2.299410255689e-5,    3.625483838477e-5,    5.049113665348e-6,   -4.667176340213e-4,   -2.960975881160e-4,   -5.054994461623e-4,   -1.004651317366e-4,    1.795223909984e+0, 
   1.051134593895e-5,    1.466511349847e-6,    0.000000000000e+0,    1.296760448184e-2,    0.000000000000e+0,    4.931378567315e-3,    0.000000000000e+0,    1.583189086400e-3,    0.000000000000e+0, 
  -1.466511349847e-6,    1.650915539509e-4,    1.793949380712e-4,    0.000000000000e+0,    0.000000000000e+0,    0.000000000000e+0,    0.000000000000e+0,    0.000000000000e+0,    0.000000000000e+0, 
   0.000000000000e+0,   -1.793949380712e-4,   3.167758040310e-14,    0.000000000000e+0,    0.000000000000e+0,    0.000000000000e+0,    0.000000000000e+0,    0.000000000000e+0,    0.000000000000e+0, 
  -1.296760448184e-2,    0.000000000000e+0,    0.000000000000e+0,    1.838481167098e-2,    8.334885315164e-3,    0.000000000000e+0,    0.000000000000e+0,    0.000000000000e+0,    0.000000000000e+0, 
   0.000000000000e+0,    0.000000000000e+0,    0.000000000000e+0,   -8.334885315164e-3,   3.167758040310e-14,    0.000000000000e+0,    0.000000000000e+0,    0.000000000000e+0,    0.000000000000e+0, 
  -4.931378567315e-3,    0.000000000000e+0,    0.000000000000e+0,    0.000000000000e+0,    0.000000000000e+0,    2.270966247148e-2,    9.830282328520e-3,    0.000000000000e+0,    0.000000000000e+0, 
   0.000000000000e+0,    0.000000000000e+0,    0.000000000000e+0,    0.000000000000e+0,    0.000000000000e+0,   -9.830282328520e-3,   3.167758040310e-14,    0.000000000000e+0,    0.000000000000e+0, 
  -1.583189086400e-3,    0.000000000000e+0,    0.000000000000e+0,    0.000000000000e+0,    0.000000000000e+0,    0.000000000000e+0,    0.000000000000e+0,    5.439453742749e-2,    1.483009075243e-2, 
   0.000000000000e+0,    0.000000000000e+0,    0.000000000000e+0,    0.000000000000e+0,    0.000000000000e+0,    0.000000000000e+0,    0.000000000000e+0,   -1.483009075243e-2,   3.167758040310e-14, 
   1.051134593895e-5,    1.466511349847e-6,    0.000000000000e+0,    1.296760448184e-2,    0.000000000000e+0,    4.931378567315e-3,    0.000000000000e+0,    1.583189086400e-3,    0.000000000000e+0, 
  -1.466511349847e-6,    1.650915539509e-4,    1.793949380712e-4,    0.000000000000e+0,    0.000000000000e+0,    0.000000000000e+0,    0.000000000000e+0,    0.000000000000e+0,    0.000000000000e+0, 
   0.000000000000e+0,   -1.793949380712e-4,   3.167758040310e-14,    0.000000000000e+0,    0.000000000000e+0,    0.000000000000e+0,    0.000000000000e+0,    0.000000000000e+0,    0.000000000000e+0, 
  -1.296760448184e-2,    0.000000000000e+0,    0.000000000000e+0,    1.838481167098e-2,    8.334885315164e-3,    0.000000000000e+0,    0.000000000000e+0,    0.000000000000e+0,    0.000000000000e+0, 
   0.000000000000e+0,    0.000000000000e+0,    0.000000000000e+0,   -8.334885315164e-3,   3.167758040310e-14,    0.000000000000e+0,    0.000000000000e+0,    0.000000000000e+0,    0.000000000000e+0, 
  -4.931378567315e-3,    0.000000000000e+0,    0.000000000000e+0,    0.000000000000e+0,    0.000000000000e+0,    2.270966247148e-2,    9.830282328520e-3,    0.000000000000e+0,    0.000000000000e+0, 
   0.000000000000e+0,    0.000000000000e+0,    0.000000000000e+0,    0.000000000000e+0,    0.000000000000e+0,   -9.830282328520e-3,   3.167758040310e-14,    0.000000000000e+0,    0.000000000000e+0, 
  -1.583189086400e-3,    0.000000000000e+0,    0.000000000000e+0,    0.000000000000e+0,    0.000000000000e+0,    0.000000000000e+0,    0.000000000000e+0,    5.439453742749e-2,    1.483009075243e-2, 
   0.000000000000e+0,    0.000000000000e+0,    0.000000000000e+0,    0.000000000000e+0,    0.000000000000e+0,    0.000000000000e+0,    0.000000000000e+0,   -1.483009075243e-2,   3.167758040310e-14, 
   1.051134593895e-5,    1.466511349847e-6,    0.000000000000e+0,    1.296760448184e-2,    0.000000000000e+0,    4.931378567315e-3,    0.000000000000e+0,    1.583189086400e-3,    0.000000000000e+0, 
  -1.466511349847e-6,    1.650915539509e-4,    1.793949380712e-4,    0.000000000000e+0,    0.000000000000e+0,    0.000000000000e+0,    0.000000000000e+0,    0.000000000000e+0,    0.000000000000e+0, 
   0.000000000000e+0,   -1.793949380712e-4,   3.167758040310e-14,    0.000000000000e+0,    0.000000000000e+0,    0.000000000000e+0,    0.000000000000e+0,    0.000000000000e+0,    0.000000000000e+0, 
  -1.296760448184e-2,    0.000000000000e+0,    0.000000000000e+0,    1.838481167098e-2,    8.334885315164e-3,    0.000000000000e+0,    0.000000000000e+0,    0.000000000000e+0,    0.000000000000e+0, 
   0.000000000000e+0,    0.000000000000e+0,    0.000000000000e+0,   -8.334885315164e-3,   3.167758040310e-14,    0.000000000000e+0,    0.000000000000e+0,    0.000000000000e+0,    0.000000000000e+0, 
  -4.931378567315e-3,    0.000000000000e+0,    0.000000000000e+0,    0.000000000000e+0,    0.000000000000e+0,    2.270966247148e-2,    9.830282328520e-3,    0.000000000000e+0,    0.000000000000e+0, 
   0.000000000000e+0,    0.000000000000e+0,    0.000000000000e+0,    0.000000000000e+0,    0.000000000000e+0,   -9.830282328520e-3,   3.167758040310e-14,    0.000000000000e+0,    0.000000000000e+0, 
  -1.583189086400e-3,    0.000000000000e+0,    0.000000000000e+0,    0.000000000000e+0,    0.000000000000e+0,    0.000000000000e+0,    0.000000000000e+0,    5.439453742749e-2,    1.483009075243e-2, 
   0.000000000000e+0,    0.000000000000e+0,    0.000000000000e+0,    0.000000000000e+0,    0.000000000000e+0,    0.000000000000e+0,    0.000000000000e+0,   -1.483009075243e-2,   3.167758040310e-14, 
   1.051134593895e-5,    1.466511349847e-6,    0.000000000000e+0,    1.296760448184e-2,    0.000000000000e+0,    4.931378567315e-3,    0.000000000000e+0,    1.583189086400e-3,    0.000000000000e+0, 
  -1.466511349847e-6,    1.650915539509e-4,    1.793949380712e-4,    0.000000000000e+0,    0.000000000000e+0,    0.000000000000e+0,    0.000000000000e+0,    0.000000000000e+0,    0.000000000000e+0, 
   0.000000000000e+0,   -1.793949380712e-4,   3.167758040310e-14,    0.000000000000e+0,    0.000000000000e+0,    0.000000000000e+0,    0.000000000000e+0,    0.000000000000e+0,    0.000000000000e+0, 
  -1.296760448184e-2,    0.000000000000e+0,    0.000000000000e+0,    1.838481167098e-2,    8.334885315164e-3,    0.000000000000e+0,    0.000000000000e+0,    0.000000000000e+0,    0.000000000000e+0, 
   0.000000000000e+0,    0.000000000000e+0,    0.000000000000e+0,   -8.334885315164e-3,   3.167758040310e-14,    0.000000000000e+0,    0.000000000000e+0,    0.000000000000e+0,    0.000000000000e+0, 
  -4.931378567315e-3,    0.000000000000e+0,    0.000000000000e+0,    0.000000000000e+0,    0.000000000000e+0,    2.270966247148e-2,    9.830282328520e-3,    0.000000000000e+0,    0.000000000000e+0, 
   0.000000000000e+0,    0.000000000000e+0,    0.000000000000e+0,    0.000000000000e+0,    0.000000000000e+0,   -9.830282328520e-3,   3.167758040310e-14,    0.000000000000e+0,    0.000000000000e+0, 
  -1.583189086400e-3,    0.000000000000e+0,    0.000000000000e+0,    0.000000000000e+0,    0.000000000000e+0,    0.000000000000e+0,    0.000000000000e+0,    5.439453742749e-2,    1.483009075243e-2, 
   0.000000000000e+0,    0.000000000000e+0,    0.000000000000e+0,    0.000000000000e+0,    0.000000000000e+0,    0.000000000000e+0,    0.000000000000e+0,   -1.483009075243e-2,   3.167758040310e-14, 
   1.051134593895e-5,    1.466511349847e-6,    0.000000000000e+0,    1.296760448184e-2,    0.000000000000e+0,    4.931378567315e-3,    0.000000000000e+0,    1.583189086400e-3,    0.000000000000e+0, 
  -1.466511349847e-6,    1.650915539509e-4,    1.793949380712e-4,    0.000000000000e+0,    0.000000000000e+0,    0.000000000000e+0,    0.000000000000e+0,    0.000000000000e+0,    0.000000000000e+0, 
   0.000000000000e+0,   -1.793949380712e-4,   3.167758040310e-14,    0.000000000000e+0,    0.000000000000e+0,    0.000000000000e+0,    0.000000000000e+0,    0.000000000000e+0,    0.000000000000e+0, 
  -1.296760448184e-2,    0.000000000000e+0,    0.000000000000e+0,    1.838481167098e-2,    8.334885315164e-3,    0.000000000000e+0,    0.000000000000e+0,    0.000000000000e+0,    0.000000000000e+0, 
   0.000000000000e+0,    0.000000000000e+0,    0.000000000000e+0,   -8.334885315164e-3,   3.167758040310e-14,    0.000000000000e+0,    0.000000000000e+0,    0.000000000000e+0,    0.000000000000e+0, 
  -4.931378567315e-3,    0.000000000000e+0,    0.000000000000e+0,    0.000000000000e+0,    0.000000000000e+0,    2.270966247148e-2,    9.830282328520e-3,    0.000000000000e+0,    0.000000000000e+0, 
   0.000000000000e+0,    0.000000000000e+0,    0.000000000000e+0,    0.000000000000e+0,    0.000000000000e+0,   -9.830282328520e-3,   3.167758040310e-14,    0.000000000000e+0,    0.000000000000e+0, 
  -1.583189086400e-3,    0.000000000000e+0,    0.000000000000e+0,    0.000000000000e+0,    0.000000000000e+0,    0.000000000000e+0,    0.000000000000e+0,    5.439453742749e-2,    1.483009075243e-2, 
   0.000000000000e+0,    0.000000000000e+0,    0.000000000000e+0,    0.000000000000e+0,    0.000000000000e+0,    0.000000000000e+0,    0.000000000000e+0,   -1.483009075243e-2,   3.167758040310e-14, 
   1.051134593895e-5,    1.466511349847e-6,    0.000000000000e+0,    1.296760448184e-2,    0.000000000000e+0,    4.931378567315e-3,    0.000000000000e+0,    1.583189086400e-3,    0.000000000000e+0, 
  -1.466511349847e-6,    1.650915539509e-4,    1.793949380712e-4,    0.000000000000e+0,    0.000000000000e+0,    0.000000000000e+0,    0.000000000000e+0,    0.000000000000e+0,    0.000000000000e+0, 
   0.000000000000e+0,   -1.793949380712e-4,   3.167758040310e-14,    0.000000000000e+0,    0.000000000000e+0,    0.000000000000e+0,    0.000000000000e+0,    0.000000000000e+0,    0.000000000000e+0, 
  -1.296760448184e-2,    0.000000000000e+0,    0.000000000000e+0,    1.838481167098e-2,    8.334885315164e-3,    0.000000000000e+0,    0.000000000000e+0,    0.000000000000e+0,    0.000000000000e+0, 
   0.000000000000e+0,    0.000000000000e+0,    0.000000000000e+0,   -8.334885315164e-3,   3.167758040310e-14,    0.000000000000e+0,    0.000000000000e+0,    0.000000000000e+0,    0.000000000000e+0, 
  -4.931378567315e-3,    0.000000000000e+0,    0.000000000000e+0,    0.000000000000e+0,    0.000000000000e+0,    2.270966247148e-2,    9.830282328520e-3,    0.000000000000e+0,    0.000000000000e+0, 
   0.000000000000e+0,    0.000000000000e+0,    0.000000000000e+0,    0.000000000000e+0,    0.000000000000e+0,   -9.830282328520e-3,   3.167758040310e-14,    0.000000000000e+0,    0.000000000000e+0, 
  -1.583189086400e-3,    0.000000000000e+0,    0.000000000000e+0,    0.000000000000e+0,    0.000000000000e+0,    0.000000000000e+0,    0.000000000000e+0,    5.439453742749e-2,    1.483009075243e-2, 
   0.000000000000e+0,    0.000000000000e+0,    0.000000000000e+0,    0.000000000000e+0,    0.000000000000e+0,    0.000000000000e+0,    0.000000000000e+0,   -1.483009075243e-2,   3.167758040310e-14, 
   1.051134593895e-5,    1.466511349847e-6,    0.000000000000e+0,    1.296760448184e-2,    0.000000000000e+0,    4.931378567315e-3,    0.000000000000e+0,    1.583189086400e-3,    0.000000000000e+0, 
  -1.466511349847e-6,    1.650915539509e-4,    1.793949380712e-4,    0.000000000000e+0,    0.000000000000e+0,    0.000000000000e+0,    0.000000000000e+0,    0.000000000000e+0,    0.000000000000e+0, 
   0.000000000000e+0,   -1.793949380712e-4,   3.167758040310e-14,    0.000000000000e+0,    0.000000000000e+0,    0.000000000000e+0,    0.000000000000e+0,    0.000000000000e+0,    0.000000000000e+0, 
  -1.296760448184e-2,    0.000000000000e+0,    0.000000000000e+0,    1.838481167098e-2,    8.334885315164e-3,    0.000000000000e+0,    0.000000000000e+0,    0.000000000000e+0,    0.000000000000e+0, 
   0.000000000000e+0,    0.000000000000e+0,    0.000000000000e+0,   -8.334885315164e-3,   3.167758040310e-14,    0.000000000000e+0,    0.000000000000e+0,    0.000000000000e+0,    0.000000000000e+0, 
  -4.931378567315e-3,    0.000000000000e+0,    0.000000000000e+0,    0.000000000000e+0,    0.000000000000e+0,    2.270966247148e-2,    9.830282328520e-3,    0.000000000000e+0,    0.000000000000e+0, 
   0.000000000000e+0,    0.000000000000e+0,    0.000000000000e+0,    0.000000000000e+0,    0.000000000000e+0,   -9.830282328520e-3,   3.167758040310e-14,    0.000000000000e+0,    0.000000000000e+0, 
  -1.583189086400e-3,    0.000000000000e+0,    0.000000000000e+0,    0.000000000000e+0,    0.000000000000e+0,    0.000000000000e+0,    0.000000000000e+0,    5.439453742749e-2,    1.483009075243e-2, 
   0.000000000000e+0,    0.000000000000e+0,    0.000000000000e+0,    0.000000000000e+0,    0.000000000000e+0,    0.000000000000e+0,    0.000000000000e+0,   -1.483009075243e-2,   3.167758040310e-14, 
   1.051134593895e-5,    1.466511349847e-6,    0.000000000000e+0,    1.296760448184e-2,    0.000000000000e+0,    4.931378567315e-3,    0.000000000000e+0,    1.583189086400e-3,    0.000000000000e+0, 
  -1.466511349847e-6,    1.650915539509e-4,    1.793949380712e-4,    0.000000000000e+0,    0.000000000000e+0,    0.000000000000e+0,    0.000000000000e+0,    0.000000000000e+0,    0.000000000000e+0, 
   0.000000000000e+0,   -1.793949380712e-4,   3.167758040310e-14,    0.000000000000e+0,    0.000000000000e+0,    0.000000000000e+0,    0.000000000000e+0,    0.000000000000e+0,    0.000000000000e+0, 
  -1.296760448184e-2,    0.000000000000e+0,    0.000000000000e+0,    1.838481167098e-2,    8.334885315164e-3,    0.000000000000e+0,    0.000000000000e+0,    0.000000000000e+0,    0.000000000000e+0, 
   0.000000000000e+0,    0.000000000000e+0,    0.000000000000e+0,   -8.334885315164e-3,   3.167758040310e-14,    0.000000000000e+0,    0.000000000000e+0,    0.000000000000e+0,    0.000000000000e+0, 
  -4.931378567315e-3,    0.000000000000e+0,    0.000000000000e+0,    0.000000000000e+0,    0.000000000000e+0,    2.270966247148e-2,    9.830282328520e-3,    0.000000000000e+0,    0.000000000000e+0, 
   0.000000000000e+0,    0.000000000000e+0,    0.000000000000e+0,    0.000000000000e+0,    0.000000000000e+0,   -9.830282328520e-3,   3.167758040310e-14,    0.000000000000e+0,    0.000000000000e+0, 
  -1.583189086400e-3,    0.000000000000e+0,    0.000000000000e+0,    0.000000000000e+0,    0.000000000000e+0,    0.000000000000e+0,    0.000000000000e+0,    5.439453742749e-2,    1.483009075243e-2, 
   0.000000000000e+0,    0.000000000000e+0,    0.000000000000e+0,    0.000000000000e+0,    0.000000000000e+0,    0.000000000000e+0,    0.000000000000e+0,   -1.483009075243e-2,   3.167758040310e-14, 
   1.051134593895e-5,    1.466511349847e-6,    0.000000000000e+0,    1.296760448184e-2,    0.000000000000e+0,    4.931378567315e-3,    0.000000000000e+0,    1.583189086400e-3,    0.000000000000e+0, 
  -1.466511349847e-6,    1.650915539509e-4,    1.793949380712e-4,    0.000000000000e+0,    0.000000000000e+0,    0.000000000000e+0,    0.000000000000e+0,    0.000000000000e+0,    0.000000000000e+0, 
   0.000000000000e+0,   -1.793949380712e-4,   3.167758040310e-14,    0.000000000000e+0,    0.000000000000e+0,    0.000000000000e+0,    0.000000000000e+0,    0.000000000000e+0,    0.000000000000e+0, 
  -1.296760448184e-2,    0.000000000000e+0,    0.000000000000e+0,    1.838481167098e-2,    8.334885315164e-3,    0.000000000000e+0,    0.000000000000e+0,    0.000000000000e+0,    0.000000000000e+0, 
   0.000000000000e+0,    0.000000000000e+0,    0.000000000000e+0,   -8.334885315164e-3,   3.167758040310e-14,    0.000000000000e+0,    0.000000000000e+0,    0.000000000000e+0,    0.000000000000e+0, 
  -4.931378567315e-3,    0.000000000000e+0,    0.000000000000e+0,    0.000000000000e+0,    0.000000000000e+0,    2.270966247148e-2,    9.830282328520e-3,    0.000000000000e+0,    0.000000000000e+0, 
   0.000000000000e+0,    0.000000000000e+0,    0.000000000000e+0,    0.000000000000e+0,    0.000000000000e+0,   -9.830282328520e-3,   3.167758040310e-14,    0.000000000000e+0,    0.000000000000e+0, 
  -1.583189086400e-3,    0.000000000000e+0,    0.000000000000e+0,    0.000000000000e+0,    0.000000000000e+0,    0.000000000000e+0,    0.000000000000e+0,    5.439453742749e-2,    1.483009075243e-2, 
   0.000000000000e+0,    0.000000000000e+0,    0.000000000000e+0,    0.000000000000e+0,    0.000000000000e+0,    0.000000000000e+0,    0.000000000000e+0,   -1.483009075243e-2,   3.167758040310e-14, 
   1.051134593895e-5,    1.466511349847e-6,    0.000000000000e+0,    1.296760448184e-2,    0.000000000000e+0,    4.931378567315e-3,    0.000000000000e+0,    1.583189086400e-3,    0.000000000000e+0, 
  -1.466511349847e-6,    1.650915539509e-4,    1.793949380712e-4,    0.000000000000e+0,    0.000000000000e+0,    0.000000000000e+0,    0.000000000000e+0,    0.000000000000e+0,    0.000000000000e+0, 
   0.000000000000e+0,   -1.793949380712e-4,   3.167758040310e-14,    0.000000000000e+0,    0.000000000000e+0,    0.000000000000e+0,    0.000000000000e+0,    0.000000000000e+0,    0.000000000000e+0, 
  -1.296760448184e-2,    0.000000000000e+0,    0.000000000000e+0,    1.838481167098e-2,    8.334885315164e-3,    0.000000000000e+0,    0.000000000000e+0,    0.000000000000e+0,    0.000000000000e+0, 
   0.000000000000e+0,    0.000000000000e+0,    0.000000000000e+0,   -8.334885315164e-3,   3.167758040310e-14,    0.000000000000e+0,    0.000000000000e+0,    0.000000000000e+0,    0.000000000000e+0, 
  -4.931378567315e-3,    0.000000000000e+0,    0.000000000000e+0,    0.000000000000e+0,    0.000000000000e+0,    2.270966247148e-2,    9.830282328520e-3,    0.000000000000e+0,    0.000000000000e+0, 
   0.000000000000e+0,    0.000000000000e+0,    0.000000000000e+0,    0.000000000000e+0,    0.000000000000e+0,   -9.830282328520e-3,   3.167758040310e-14,    0.000000000000e+0,    0.000000000000e+0, 
  -1.583189086400e-3,    0.000000000000e+0,    0.000000000000e+0,    0.000000000000e+0,    0.000000000000e+0,    0.000000000000e+0,    0.000000000000e+0,    5.439453742749e-2,    1.483009075243e-2, 
   0.000000000000e+0,    0.000000000000e+0,    0.000000000000e+0,    0.000000000000e+0,    0.000000000000e+0,    0.000000000000e+0,    0.000000000000e+0,   -1.483009075243e-2,   3.167758040310e-14, 
   1.051134593895e-5,    1.466511349847e-6,    0.000000000000e+0,    1.296760448184e-2,    0.000000000000e+0,    4.931378567315e-3,    0.000000000000e+0,    1.583189086400e-3,    0.000000000000e+0, 
  -1.466511349847e-6,    1.650915539509e-4,    1.793949380712e-4,    0.000000000000e+0,    0.000000000000e+0,    0.000000000000e+0,    0.000000000000e+0,    0.000000000000e+0,    0.000000000000e+0, 
   0.000000000000e+0,   -1.793949380712e-4,   3.167758040310e-14,    0.000000000000e+0,    0.000000000000e+0,    0.000000000000e+0,    0.000000000000e+0,    0.000000000000e+0,    0.000000000000e+0, 
  -1.296760448184e-2,    0.000000000000e+0,    0.000000000000e+0,    1.838481167098e-2,    8.334885315164e-3,    0.000000000000e+0,    0.000000000000e+0,    0.000000000000e+0,    0.000000000000e+0, 
   0.000000000000e+0,    0.000000000000e+0,    0.000000000000e+0,   -8.334885315164e-3,   3.167758040310e-14,    0.000000000000e+0,    0.000000000000e+0,    0.000000000000e+0,    0.000000000000e+0, 
  -4.931378567315e-3,    0.000000000000e+0,    0.000000000000e+0,    0.000000000000e+0,    0.000000000000e+0,    2.270966247148e-2,    9.830282328520e-3,    0.000000000000e+0,    0.000000000000e+0, 
   0.000000000000e+0,    0.000000000000e+0,    0.000000000000e+0,    0.000000000000e+0,    0.000000000000e+0,   -9.830282328520e-3,   3.167758040310e-14,    0.000000000000e+0,    0.000000000000e+0, 
  -1.583189086400e-3,    0.000000000000e+0,    0.000000000000e+0,    0.000000000000e+0,    0.000000000000e+0,    0.000000000000e+0,    0.000000000000e+0,    5.439453742749e-2,    1.483009075243e-2, 
   0.000000000000e+0,    0.000000000000e+0,    0.000000000000e+0,    0.000000000000e+0,    0.000000000000e+0,    0.000000000000e+0,    0.000000000000e+0,   -1.483009075243e-2,   3.167758040310e-14, 
   1.051134593895e-5,    1.466511349847e-6,    0.000000000000e+0,    1.296760448184e-2,    0.000000000000e+0,    4.931378567315e-3,    0.000000000000e+0,    1.583189086400e-3,    0.000000000000e+0, 
  -1.466511349847e-6,    1.650915539509e-4,    1.793949380712e-4,    0.000000000000e+0,    0.000000000000e+0,    0.000000000000e+0,    0.000000000000e+0,    0.000000000000e+0,    0.000000000000e+0, 
   0.000000000000e+0,   -1.793949380712e-4,   3.167758040310e-14,    0.000000000000e+0,    0.000000000000e+0,    0.000000000000e+0,    0.000000000000e+0,    0.000000000000e+0,    0.000000000000e+0, 
  -1.296760448184e-2,    0.000000000000e+0,    0.000000000000e+0,    1.838481167098e-2,    8.334885315164e-3,    0.000000000000e+0,    0.000000000000e+0,    0.000000000000e+0,    0.000000000000e+0, 
   0.000000000000e+0,    0.000000000000e+0,    0.000000000000e+0,   -8.334885315164e-3,   3.167758040310e-14,    0.000000000000e+0,    0.000000000000e+0,    0.000000000000e+0,    0.000000000000e+0, 
  -4.931378567315e-3,    0.000000000000e+0,    0.000000000000e+0,    0.000000000000e+0,    0.000000000000e+0,    2.270966247148e-2,    9.830282328520e-3,    0.000000000000e+0,    0.000000000000e+0, 
   0.000000000000e+0,    0.000000000000e+0,    0.000000000000e+0,    0.000000000000e+0,    0.000000000000e+0,   -9.830282328520e-3,   3.167758040310e-14,    0.000000000000e+0,    0.000000000000e+0, 
  -1.583189086400e-3,    0.000000000000e+0,    0.000000000000e+0,    0.000000000000e+0,    0.000000000000e+0,    0.000000000000e+0,    0.000000000000e+0,    5.439453742749e-2,    1.483009075243e-2, 
   0.000000000000e+0,    0.000000000000e+0,    0.000000000000e+0,    0.000000000000e+0,    0.000000000000e+0,    0.000000000000e+0,    0.000000000000e+0,   -1.483009075243e-2,   3.167758040310e-14, 
   1.051134593895e-5,    1.466511349847e-6,    0.000000000000e+0,    1.296760448184e-2,    0.000000000000e+0,    4.931378567315e-3,    0.000000000000e+0,    1.583189086400e-3,    0.000000000000e+0, 
  -1.466511349847e-6,    1.650915539509e-4,    1.793949380712e-4,    0.000000000000e+0,    0.000000000000e+0,    0.000000000000e+0,    0.000000000000e+0,    0.000000000000e+0,    0.000000000000e+0, 
   0.000000000000e+0,   -1.793949380712e-4,   3.167758040310e-14,    0.000000000000e+0,    0.000000000000e+0,    0.000000000000e+0,    0.000000000000e+0,    0.000000000000e+0,    0.000000000000e+0, 
  -1.296760448184e-2,    0.000000000000e+0,    0.000000000000e+0,    1.838481167098e-2,    8.334885315164e-3,    0.000000000000e+0,    0.000000000000e+0,    0.000000000000e+0,    0.000000000000e+0, 
   0.000000000000e+0,    0.000000000000e+0,    0.000000000000e+0,   -8.334885315164e-3,   3.167758040310e-14,    0.000000000000e+0,    0.000000000000e+0,    0.000000000000e+0,    0.000000000000e+0, 
  -4.931378567315e-3,    0.000000000000e+0,    0.000000000000e+0,    0.000000000000e+0,    0.000000000000e+0,    2.270966247148e-2,    9.830282328520e-3,    0.000000000000e+0,    0.000000000000e+0, 
   0.000000000000e+0,    0.000000000000e+0,    0.000000000000e+0,    0.000000000000e+0,    0.000000000000e+0,   -9.830282328520e-3,   3.167758040310e-14,    0.000000000000e+0,    0.000000000000e+0, 
  -1.583189086400e-3,    0.000000000000e+0,    0.000000000000e+0,    0.000000000000e+0,    0.000000000000e+0,    0.000000000000e+0,    0.000000000000e+0,    5.439453742749e-2,    1.483009075243e-2, 
   0.000000000000e+0,    0.000000000000e+0,    0.000000000000e+0,    0.000000000000e+0,    0.000000000000e+0,    0.000000000000e+0,    0.000000000000e+0,   -1.483009075243e-2,   3.167758040310e-14, 
   1.051134593895e-5,    1.466511349847e-6,    0.000000000000e+0,    1.296760448184e-2,    0.000000000000e+0,    4.931378567315e-3,    0.000000000000e+0,    1.583189086400e-3,    0.000000000000e+0, 
  -1.466511349847e-6,    1.650915539509e-4,    1.793949380712e-4,    0.000000000000e+0,    0.000000000000e+0,    0.000000000000e+0,    0.000000000000e+0,    0.000000000000e+0,    0.000000000000e+0, 
   0.000000000000e+0,   -1.793949380712e-4,   3.167758040310e-14,    0.000000000000e+0,    0.000000000000e+0,    0.000000000000e+0,    0.000000000000e+0,    0.000000000000e+0,    0.000000000000e+0, 
  -1.296760448184e-2,    0.000000000000e+0,    0.000000000000e+0,    1.838481167098e-2,    8.334885315164e-3,    0.000000000000e+0,    0.000000000000e+0,    0.000000000000e+0,    0.000000000000e+0, 
   0.000000000000e+0,    0.000000000000e+0,    0.000000000000e+0,   -8.334885315164e-3,   3.167758040310e-14,    0.000000000000e+0,    0.000000000000e+0,    0.000000000000e+0,    0.000000000000e+0, 
  -4.931378567315e-3,    0.000000000000e+0,    0.000000000000e+0,    0.000000000000e+0,    0.000000000000e+0,    2.270966247148e-2,    9.830282328520e-3,    0.000000000000e+0,    0.000000000000e+0, 
   0.000000000000e+0,    0.000000000000e+0,    0.000000000000e+0,    0.000000000000e+0,    0.000000000000e+0,   -9.830282328520e-3,   3.167758040310e-14,    0.000000000000e+0,    0.000000000000e+0, 
  -1.583189086400e-3,    0.000000000000e+0,    0.000000000000e+0,    0.000000000000e+0,    0.000000000000e+0,    0.000000000000e+0,    0.000000000000e+0,    5.439453742749e-2,    1.483009075243e-2, 
   0.000000000000e+0,    0.000000000000e+0,    0.000000000000e+0,    0.000000000000e+0,    0.000000000000e+0,    0.000000000000e+0,    0.000000000000e+0,   -1.483009075243e-2,   3.167758040310e-14, 
   1.051134593895e-5,    1.466511349847e-6,    0.000000000000e+0,    1.296760448184e-2,    0.000000000000e+0,    4.931378567315e-3,    0.000000000000e+0,    1.583189086400e-3,    0.000000000000e+0, 
  -1.466511349847e-6,    1.650915539509e-4,    1.793949380712e-4,    0.000000000000e+0,    0.000000000000e+0,    0.000000000000e+0,    0.000000000000e+0,    0.000000000000e+0,    0.000000000000e+0, 
   0.000000000000e+0,   -1.793949380712e-4,   3.167758040310e-14,    0.000000000000e+0,    0.000000000000e+0,    0.000000000000e+0,    0.000000000000e+0,    0.000000000000e+0,    0.000000000000e+0, 
  -1.296760448184e-2,    0.000000000000e+0,    0.000000000000e+0,    1.838481167098e-2,    8.334885315164e-3,    0.000000000000e+0,    0.000000000000e+0,    0.000000000000e+0,    0.000000000000e+0, 
   0.000000000000e+0,    0.000000000000e+0,    0.000000000000e+0,   -8.334885315164e-3,   3.167758040310e-14,    0.000000000000e+0,    0.000000000000e+0,    0.000000000000e+0,    0.000000000000e+0, 
  -4.931378567315e-3,    0.000000000000e+0,    0.000000000000e+0,    0.000000000000e+0,    0.000000000000e+0,    2.270966247148e-2,    9.830282328520e-3,    0.000000000000e+0,    0.000000000000e+0, 
   0.000000000000e+0,    0.000000000000e+0,    0.000000000000e+0,    0.000000000000e+0,    0.000000000000e+0,   -9.830282328520e-3,   3.167758040310e-14,    0.000000000000e+0,    0.000000000000e+0, 
  -1.583189086400e-3,    0.000000000000e+0,    0.000000000000e+0,    0.000000000000e+0,    0.000000000000e+0,    0.000000000000e+0,    0.000000000000e+0,    5.439453742749e-2,    1.483009075243e-2, 
   0.000000000000e+0,    0.000000000000e+0,    0.000000000000e+0,    0.000000000000e+0,    0.000000000000e+0,    0.000000000000e+0,    0.000000000000e+0,   -1.483009075243e-2,   3.167758040310e-14, 
   1.051134593895e-5,    1.466511349847e-6,    0.000000000000e+0,    1.296760448184e-2,    0.000000000000e+0,    4.931378567315e-3,    0.000000000000e+0,    1.583189086400e-3,    0.000000000000e+0, 
  -1.466511349847e-6,    1.650915539509e-4,    1.793949380712e-4,    0.000000000000e+0,    0.000000000000e+0,    0.000000000000e+0,    0.000000000000e+0,    0.000000000000e+0,    0.000000000000e+0, 
   0.000000000000e+0,   -1.793949380712e-4,   3.167758040310e-14,    0.000000000000e+0,    0.000000000000e+0,    0.000000000000e+0,    0.000000000000e+0,    0.000000000000e+0,    0.000000000000e+0, 
  -1.296760448184e-2,    0.000000000000e+0,    0.000000000000e+0,    1.838481167098e-2,    8.334885315164e-3,    0.000000000000e+0,    0.000000000000e+0,    0.000000000000e+0,    0.000000000000e+0, 
   0.000000000000e+0,    0.000000000000e+0,    0.000000000000e+0,   -8.334885315164e-3,   3.167758040310e-14,    0.000000000000e+0,    0.000000000000e+0,    0.000000000000e+0,    0.000000000000e+0, 
  -4.931378567315e-3,    0.000000000000e+0,    0.000000000000e+0,    0.000000000000e+0,    0.000000000000e+0,    2.270966247148e-2,    9.830282328520e-3,    0.000000000000e+0,    0.000000000000e+0, 
   0.000000000000e+0,    0.000000000000e+0,    0.000000000000e+0,    0.000000000000e+0,    0.000000000000e+0,   -9.830282328520e-3,   3.167758040310e-14,    0.000000000000e+0,    0.000000000000e+0, 
  -1.583189086400e-3,    0.000000000000e+0,    0.000000000000e+0,    0.000000000000e+0,    0.000000000000e+0,    0.000000000000e+0,    0.000000000000e+0,    5.439453742749e-2,    1.483009075243e-2, 
   0.000000000000e+0,    0.000000000000e+0,    0.000000000000e+0,    0.000000000000e+0,    0.000000000000e+0,    0.000000000000e+0,    0.000000000000e+0,   -1.483009075243e-2,   3.167758040310e-14, 
   1.051134593895e-5,    1.466511349847e-6,    0.000000000000e+0,    1.296760448184e-2,    0.000000000000e+0,    4.931378567315e-3,    0.000000000000e+0,    1.583189086400e-3,    0.000000000000e+0, 
  -1.466511349847e-6,    1.650915539509e-4,    1.793949380712e-4,    0.000000000000e+0,    0.000000000000e+0,    0.000000000000e+0,    0.000000000000e+0,    0.000000000000e+0,    0.000000000000e+0, 
   0.000000000000e+0,   -1.793949380712e-4,   3.167758040310e-14,    0.000000000000e+0,    0.000000000000e+0,    0.000000000000e+0,    0.000000000000e+0,    0.000000000000e+0,    0.000000000000e+0, 
  -1.296760448184e-2,    0.000000000000e+0,    0.000000000000e+0,    1.838481167098e-2,    8.334885315164e-3,    0.000000000000e+0,    0.000000000000e+0,    0.000000000000e+0,    0.000000000000e+0, 
   0.000000000000e+0,    0.000000000000e+0,    0.000000000000e+0,   -8.334885315164e-3,   3.167758040310e-14,    0.000000000000e+0,    0.000000000000e+0,    0.000000000000e+0,    0.000000000000e+0, 
  -4.931378567315e-3,    0.000000000000e+0,    0.000000000000e+0,    0.000000000000e+0,    0.000000000000e+0,    2.270966247148e-2,    9.830282328520e-3,    0.000000000000e+0,    0.000000000000e+0, 
   0.000000000000e+0,    0.000000000000e+0,    0.000000000000e+0,    0.000000000000e+0,    0.000000000000e+0,   -9.830282328520e-3,   3.167758040310e-14,    0.000000000000e+0,    0.000000000000e+0, 
  -1.583189086400e-3,    0.000000000000e+0,    0.000000000000e+0,    0.000000000000e+0,    0.000000000000e+0,    0.000000000000e+0,    0.000000000000e+0,    5.439453742749e-2,    1.483009075243e-2, 
   0.000000000000e+0,    0.000000000000e+0,    0.000000000000e+0,    0.000000000000e+0,    0.000000000000e+0,    0.000000000000e+0,    0.000000000000e+0,   -1.483009075243e-2,   3.167758040310e-14, 
   1.051134593895e-5,    1.466511349847e-6,    0.000000000000e+0,    1.296760448184e-2,    0.000000000000e+0,    4.931378567315e-3,    0.000000000000e+0,    1.583189086400e-3,    0.000000000000e+0, 
  -1.466511349847e-6,    1.650915539509e-4,    1.793949380712e-4,    0.000000000000e+0,    0.000000000000e+0,    0.000000000000e+0,    0.000000000000e+0,    0.000000000000e+0,    0.000000000000e+0, 
   0.000000000000e+0,   -1.793949380712e-4,   3.167758040310e-14,    0.000000000000e+0,    0.000000000000e+0,    0.000000000000e+0,    0.000000000000e+0,    0.000000000000e+0,    0.000000000000e+0, 
  -1.296760448184e-2,    0.000000000000e+0,    0.000000000000e+0,    1.838481167098e-2,    8.334885315164e-3,    0.000000000000e+0,    0.000000000000e+0,    0.000000000000e+0,    0.000000000000e+0, 
   0.000000000000e+0,    0.000000000000e+0,    0.000000000000e+0,   -8.334885315164e-3,   3.167758040310e-14,    0.000000000000e+0,    0.000000000000e+0,    0.000000000000e+0,    0.000000000000e+0, 
  -4.931378567315e-3,    0.000000000000e+0,    0.000000000000e+0,    0.000000000000e+0,    0.000000000000e+0,    2.270966247148e-2,    9.830282328520e-3,    0.000000000000e+0,    0.000000000000e+0, 
   0.000000000000e+0,    0.000000000000e+0,    0.000000000000e+0,    0.000000000000e+0,    0.000000000000e+0,   -9.830282328520e-3,   3.167758040310e-14,    0.000000000000e+0,    0.000000000000e+0, 
  -1.583189086400e-3,    0.000000000000e+0,    0.000000000000e+0,    0.000000000000e+0,    0.000000000000e+0,    0.000000000000e+0,    0.000000000000e+0,    5.439453742749e-2,    1.483009075243e-2, 
   0.000000000000e+0,    0.000000000000e+0,    0.000000000000e+0,    0.000000000000e+0,    0.000000000000e+0,    0.000000000000e+0,    0.000000000000e+0,   -1.483009075243e-2,   3.167758040310e-14, 
   1.051134593895e-5,    1.466511349847e-6,    0.000000000000e+0,    1.296760448184e-2,    0.000000000000e+0,    4.931378567315e-3,    0.000000000000e+0,    1.583189086400e-3,    0.000000000000e+0, 
  -1.466511349847e-6,    1.650915539509e-4,    1.793949380712e-4,    0.000000000000e+0,    0.000000000000e+0,    0.000000000000e+0,    0.000000000000e+0,    0.000000000000e+0,    0.000000000000e+0, 
   0.000000000000e+0,   -1.793949380712e-4,   3.167758040310e-14,    0.000000000000e+0,    0.000000000000e+0,    0.000000000000e+0,    0.000000000000e+0,    0.000000000000e+0,    0.000000000000e+0, 
  -1.296760448184e-2,    0.000000000000e+0,    0.000000000000e+0,    1.838481167098e-2,    8.334885315164e-3,    0.000000000000e+0,    0.000000000000e+0,    0.000000000000e+0,    0.000000000000e+0, 
   0.000000000000e+0,    0.000000000000e+0,    0.000000000000e+0,   -8.334885315164e-3,   3.167758040310e-14,    0.000000000000e+0,    0.000000000000e+0,    0.000000000000e+0,    0.000000000000e+0, 
  -4.931378567315e-3,    0.000000000000e+0,    0.000000000000e+0,    0.000000000000e+0,    0.000000000000e+0,    2.270966247148e-2,    9.830282328520e-3,    0.000000000000e+0,    0.000000000000e+0, 
   0.000000000000e+0,    0.000000000000e+0,    0.000000000000e+0,    0.000000000000e+0,    0.000000000000e+0,   -9.830282328520e-3,   3.167758040310e-14,    0.000000000000e+0,    0.000000000000e+0, 
  -1.583189086400e-3,    0.000000000000e+0,    0.000000000000e+0,    0.000000000000e+0,    0.000000000000e+0,    0.000000000000e+0,    0.000000000000e+0,    5.439453742749e-2,    1.483009075243e-2, 
   0.000000000000e+0,    0.000000000000e+0,    0.000000000000e+0,    0.000000000000e+0,    0.000000000000e+0,    0.000000000000e+0,    0.000000000000e+0,   -1.483009075243e-2,   3.167758040310e-14, 
   1.051134593895e-5,    1.466511349847e-6,    0.000000000000e+0,    1.296760448184e-2,    0.000000000000e+0,    4.931378567315e-3,    0.000000000000e+0,    1.583189086400e-3,    0.000000000000e+0, 
  -1.466511349847e-6,    1.650915539509e-4,    1.793949380712e-4,    0.000000000000e+0,    0.000000000000e+0,    0.000000000000e+0,    0.000000000000e+0,    0.000000000000e+0,    0.000000000000e+0, 
   0.000000000000e+0,   -1.793949380712e-4,   3.167758040310e-14,    0.000000000000e+0,    0.000000000000e+0,    0.000000000000e+0,    0.000000000000e+0,    0.000000000000e+0,    0.000000000000e+0, 
  -1.296760448184e-2,    0.000000000000e+0,    0.000000000000e+0,    1.838481167098e-2,    8.334885315164e-3,    0.000000000000e+0,    0.000000000000e+0,    0.000000000000e+0,    0.000000000000e+0, 
   0.000000000000e+0,    0.000000000000e+0,    0.000000000000e+0,   -8.334885315164e-3,   3.167758040310e-14,    0.000000000000e+0,    0.000000000000e+0,    0.000000000000e+0,    0.000000000000e+0, 
  -4.931378567315e-3,    0.000000000000e+0,    0.000000000000e+0,    0.000000000000e+0,    0.000000000000e+0,    2.270966247148e-2,    9.830282328520e-3,    0.000000000000e+0,    0.000000000000e+0, 
   0.000000000000e+0,    0.000000000000e+0,    0.000000000000e+0,    0.000000000000e+0,    0.000000000000e+0,   -9.830282328520e-3,   3.167758040310e-14,    0.000000000000e+0,    0.000000000000e+0, 
  -1.583189086400e-3,    0.000000000000e+0,    0.000000000000e+0,    0.000000000000e+0,    0.000000000000e+0,    0.000000000000e+0,    0.000000000000e+0,    5.439453742749e-2,    1.483009075243e-2, 
   0.000000000000e+0,    0.000000000000e+0,    0.000000000000e+0,    0.000000000000e+0,    0.000000000000e+0,    0.000000000000e+0,    0.000000000000e+0,   -1.483009075243e-2,   3.167758040310e-14, 
   1.051134593895e-5,    1.466511349847e-6,    0.000000000000e+0,    1.296760448184e-2,    0.000000000000e+0,    4.931378567315e-3,    0.000000000000e+0,    1.583189086400e-3,    0.000000000000e+0, 
  -1.466511349847e-6,    1.650915539509e-4,    1.793949380712e-4,    0.000000000000e+0,    0.000000000000e+0,    0.000000000000e+0,    0.000000000000e+0,    0.000000000000e+0,    0.000000000000e+0, 
   0.000000000000e+0,   -1.793949380712e-4,   3.167758040310e-14,    0.000000000000e+0,    0.000000000000e+0,    0.000000000000e+0,    0.000000000000e+0,    0.000000000000e+0,    0.000000000000e+0, 
  -1.296760448184e-2,    0.000000000000e+0,    0.000000000000e+0,    1.838481167098e-2,    8.334885315164e-3,    0.000000000000e+0,    0.000000000000e+0,    0.000000000000e+0,    0.000000000000e+0, 
   0.000000000000e+0,    0.000000000000e+0,    0.000000000000e+0,   -8.334885315164e-3,   3.167758040310e-14,    0.000000000000e+0,    0.000000000000e+0,    0.000000000000e+0,    0.000000000000e+0, 
  -4.931378567315e-3,    0.000000000000e+0,    0.000000000000e+0,    0.000000000000e+0,    0.000000000000e+0,    2.270966247148e-2,    9.830282328520e-3,    0.000000000000e+0,    0.000000000000e+0, 
