# Eigenvector  matrix (normalized)
0.0109172316128 -0.416058613627 -0.0329794357851 0.0052630135566 -0.0126434315362 -0.0393271985535 -0.0651226508734 0.23664152854 0.0788570817241 -0.126714123434 -0.0495960849355 -0.366513239525 -0.0321061586687 0.344549363267 0.360869204981 0.00455428348366 -0.545345200684 -0.239277302568
-0.296716982412 0.349636554936 -0.251377005021 0.00529995090486 0.0403905318721 0.191635955572 -0.148102838397 -0.0146676437586 -0.00179470167705 0.156207336166 -0.329772999441 0.306805030416 0.348952887821 -0.242910734977 0.263076468429 -0.0112846806429 -0.405853221278 -0.154527781898
0.329241644548 0.271161277941 0.3498098208 -0.0200189187844 0.0295048867372 0.145186167027 0.174159333922 0.0705619549252 -0.00165737709792 0.180731558509 0.442100245758 0.147973757425 -0.356711352166 -0.268690768274 0.224879699587 0.0180185814571 -0.347204119408 -0.130936390463
-0.000442837928285 0.0199007318282 -0.000820964119191 0.00600597918608 -0.0684387892473 -0.13475878769 -0.224893954062 0.796992823067 0.199064572115 0.383161949845 -0.00698160072645 0.114094822859 -1.6535765219e-05 5.4487736778e-05 0.000158241938171 0.00743730844051 0.281348935586 -0.110587744547
-0.0086902369213 0.00391317982745 -0.0181975277641 -0.147147277237 0.139514142143 0.654654184393 -0.523965900308 -0.0370574492201 0.0515037532072 0.101384690046 0.205213132322 -0.327875865322 -1.94143143925e-05 -3.72786176239e-05 -0.000128585888647 -0.20437831252 0.086165905641 0.205509849957
0.00965620440011 0.00680215956093 0.0323275331151 0.143954485509 0.141519466291 0.507604715176 0.616222797652 0.259599428653 0.0442349355005 0.0528414266481 -0.343122264303 -0.198411779291 2.32728005102e-05 -2.7629785746e-05 -0.000120647107554 0.222716743865 0.0696784343861 0.19228339176
-0.0137927172447 0.558839865531 0.0662515295216 -0.00661368137368 -0.0297096358511 -0.0388232129184 -0.0653047113217 0.223310287143 0.0297549510472 -0.497343828497 0.0580798336594 0.0966210940476 -0.00927326756884 0.455567334218 0.205524574399 -0.000648682516066 0.00223515929043 0.340197244339
0.366470173393 0.21538466221 -0.166039868878 -0.0267223635561 0.0395021781105 0.191225846804 -0.154135583504 -0.0142514249972 0.00536103413166 -0.202681125177 -0.36486957382 0.0428324969394 -0.34373283744 0.143573189121 -0.33303845247 -0.0123399824697 0.0341089626879 -0.549425581284
-0.40239074058 0.13839503428 0.22601267654 0.0190928113288 0.0354293861903 0.145497062526 0.180931703068 0.0739618610576 0.00458358620974 -0.130687993375 0.406121097933 -0.109478811326 0.362883789521 0.147654405934 -0.310213676254 0.0172667155273 0.0310349396193 -0.511713151041
0.0197062454223 -0.113139690735 0.473227893851 -0.0737775489035 -0.02728196774 -0.0424671786421 -0.0675733585186 0.232027965945 0.0616315522254 -0.35500027962 -0.281947409827 -0.00132598294118 0.115151934521 -0.387003421478 -0.295127959024 -0.4061462543 -0.225869629909 0.145081564265
0.330284458192 -0.28102016542 0.192396053079 -0.0837747319188 0.0402830534136 0.188101375182 -0.155567257965 -0.00774120840002 0.0285935747305 -0.330363694088 0.0195556856736 0.292127017493 0.372283042622 -0.125102397466 0.309643465899 0.412416534435 0.263510792306 -0.145984174807
0.377403445716 -0.199501721126 -0.293315923104 0.0784992460845 0.0493195888487 0.149103622073 0.176761549029 0.0774731736729 0.0246245005006 0.0844458326414 0.22269665932 0.41585441579 0.313313316372 0.290927616241 -0.259479008309 -0.341991234627 -0.210925806285 0.147685341778
-0.0173487510783 -0.00656870640027 -0.507444827406 0.0820872423447 -0.00967249608284 -0.0355349446075 -0.0625996262741 0.23155368445 0.0604181047521 -0.343580179575 0.29756176217 -0.122643039737 -0.0737168028689 -0.413285679911 -0.271806765864 0.376567533742 -0.202230566851 0.13573776454
-0.410038630462 -0.279363727723 0.203921409071 -0.0653164772476 0.041487357733 0.187633067375 -0.149351489232 -0.00628366404762 0.0275405155773 0.0268686995072 -0.0332885085197 0.490031339387 -0.377438706726 0.224574723553 -0.239236781951 0.316712300252 -0.189207801734 0.140526812024
-0.293143526649 -0.202102139303 -0.245038849651 0.0892431983302 0.0497338623505 0.1484112399 0.1822110409 0.0788172334248 0.0237242924708 -0.316889796287 0.113508563985 0.23054781323 -0.319564038246 -0.169790167039 0.345229875637 -0.462101593466 0.286567794628 -0.168789334847
0.000994074253577 -0.0376030718841 -0.00211122630186 -0.0252968346781 0.312877443899 -0.0390728471302 -0.0651603859603 0.231980274061 -0.916766560877 -6.36200428715e-06 3.4978354104e-06 1.9887822252e-05 1.36843967137e-06 -1.5669812327e-05 -5.6880514827e-06 -1.07564078607e-07 7.5320605695e-06 4.14999209894e-06
0.0162198117826 -0.0243844592367 0.0939893728954 0.679056691441 -0.643248949637 0.190066534485 -0.150815526971 -0.0107241815523 -0.237561557038 2.55454988177e-07 -1.45597716533e-06 5.34963032793e-06 2.63337451317e-06 -6.09730457071e-06 -7.13657595737e-07 -2.97385923494e-07 8.16206612281e-07 8.20711918655e-07
-0.0179587458207 -0.0173996619854 -0.118220633072 -0.675765873784 -0.654763230498 0.146448688766 0.17736302042 0.0748694489933 -0.203749647936 5.14358208837e-07 3.16664641001e-06 3.84986374854e-06 -2.05509445436e-06 -5.70974526743e-06 -6.17621260034e-07 2.79427399278e-07 6.99280478275e-07 7.20204571277e-07
