# Dynamical matrix (atomic units)
0.000110120038301 6.2073846285e-05 5.30610001779e-05 -2.99888670915e-05 -1.63571477852e-05 -1.39822655165e-05 5.44211942419e-06 5.25875793315e-06 4.56367229526e-06 -6.27395083535e-06 -6.83810009426e-06 -3.58420617861e-06 -5.7653906082e-06 -4.02971498293e-06 -5.77374056453e-06 -2.83090333096e-09 -6.23886379769e-10 -5.35439533436e-10
6.2073846285e-05 7.02291504419e-05 3.86833700464e-05 -1.63573404873e-05 -1.94781418133e-05 -1.01929392924e-05 -9.43205787386e-06 -5.16704368961e-06 -4.32862733142e-06 9.09979698562e-06 5.88993562621e-06 5.77738803392e-06 -5.27617969594e-06 -3.71490856243e-06 -4.94636042406e-06 -6.1799495875e-10 2.27952674836e-10 -1.03326460959e-10
5.30610001779e-05 3.86833700464e-05 5.80429788495e-05 -1.39824227503e-05 -1.01929209346e-05 -1.62669745415e-05 -8.77105803419e-06 -4.8948218198e-06 -4.10251519694e-06 -5.87781795507e-06 -5.82589965627e-06 -3.44218335378e-06 9.85512972994e-06 7.223112011e-06 5.65395196262e-06 -5.30152360726e-10 -1.03024336805e-10 2.59751242134e-10
-2.99888670915e-05 -1.63573404873e-05 -1.39824227503e-05 2.53913729639e-05 -1.40969334151e-09 -1.24157524522e-09 -1.48495102577e-05 1.18256682373e-05 1.10150652472e-05 -2.25420215358e-05 1.5726394309e-05 -1.31770388014e-05 -2.02675349601e-05 -1.1189287166e-05 1.61491936195e-05 -1.62454482395e-09 -5.17300443496e-10 -4.43300354675e-10
-1.63571477852e-05 -1.94781418133e-05 -1.01929209346e-05 -1.40969334151e-09 2.53900737836e-05 1.87156648265e-09 1.1825473916e-05 -2.67139268188e-05 -1.78483248878e-05 1.57258934627e-05 -2.4051836005e-05 1.38240394544e-05 -1.11888932282e-05 -1.74012438113e-05 1.42108874344e-05 -5.13274418558e-10 9.2489170741e-11 -1.22749999493e-10
-1.39822655165e-05 -1.01929392924e-05 -1.62669745415e-05 -1.24157524522e-09 1.87156648265e-09 2.53900270176e-05 1.10148727419e-05 -1.78483964592e-05 -2.41776631128e-05 -1.31766532001e-05 1.3823832136e-05 -1.9137520783e-05 1.61487073676e-05 1.42111385795e-05 -2.80628747661e-05 -4.39821343995e-10 -1.22771880063e-10 1.30517601957e-10
5.44211942419e-06 -9.43205787386e-06 -8.77105803419e-06 -1.48495102577e-05 1.1825473916e-05 1.10148727419e-05 5.26662227021e-05 -4.48741902121e-05 -4.17984264322e-05 -3.55992846343e-06 6.25256784723e-06 7.40208363807e-06 -3.28870398099e-06 7.232741161e-06 5.14451497116e-06 -2.64132042379e-10 -1.46379153026e-10 -1.2908254516e-10
5.25875793315e-06 -5.16704368961e-06 -4.8948218198e-06 1.18256682373e-05 -2.67139268188e-05 -1.78483964592e-05 -4.48741902121e-05 9.76863161462e-05 6.77328376785e-05 3.33311947959e-06 -6.09497520514e-06 -7.92680531711e-06 -4.5392228225e-06 5.79077492862e-06 6.70070301683e-06 -2.08767791003e-10 -4.59984025762e-11 -7.49267904033e-11
4.56367229526e-06 -4.32862733142e-06 -4.10251519694e-06 1.10150652472e-05 -1.78483248878e-05 -2.41776631128e-05 -4.17984264322e-05 6.77328376785e-05 8.80614211103e-05 -4.80714199116e-06 7.44750113143e-06 5.82893071686e-06 4.01854144978e-06 -9.24001318354e-06 -6.32783339434e-06 -1.86712727698e-10 -7.6059755984e-11 -2.74177670528e-11
-6.27395083535e-06 9.09979698562e-06 -5.87781795507e-06 -2.25420215358e-05 1.57258934627e-05 -1.31766532001e-05 -3.55992846343e-06 3.33311947959e-06 -4.80714199116e-06 8.18590007367e-05 -5.96786520592e-05 5.00044572347e-05 5.7888765315e-06 -7.03944847133e-06 6.16573630769e-06 -1.7137992684e-10 -3.23272845692e-11 -5.24940719055e-11
-6.83810009426e-06 5.88993562621e-06 -5.82589965627e-06 1.5726394309e-05 -2.4051836005e-05 1.3823832136e-05 6.25256784723e-06 -6.09497520514e-06 7.44750113143e-06 -5.96786520592e-05 8.75857548771e-05 -5.24629390688e-05 5.97740041797e-06 -4.35513298565e-06 3.12190901479e-06 4.01069815566e-11 2.48497117366e-11 8.08182114229e-12
-3.58420617861e-06 5.77738803392e-06 -3.44218335378e-06 -1.31770388014e-05 1.38240394544e-05 -1.9137520783e-05 7.40208363807e-06 -7.92680531711e-06 5.82893071686e-06 5.00044572347e-05 -5.24629390688e-05 6.89370891514e-05 -8.33550271015e-06 6.89245691264e-06 -5.26225917444e-06 -8.73894117909e-11 -1.88827596782e-11 -1.26136834651e-11
-5.7653906082e-06 -5.27617969594e-06 9.85512972994e-06 -2.02675349601e-05 -1.11888932282e-05 1.61487073676e-05 -3.28870398099e-06 -4.5392228225e-06 4.01854144978e-06 5.7888765315e-06 5.97740041797e-06 -8.33550271015e-06 7.32277591146e-05 4.24616369143e-05 -6.12828283727e-05 -1.72210768266e-10 -5.95184585058e-11 -2.34901530397e-11
-4.02971498293e-06 -3.71490856243e-06 7.223112011e-06 -1.1189287166e-05 -1.74012438113e-05 1.42111385795e-05 7.232741161e-06 5.79077492862e-06 -9.24001318354e-06 -7.03944847133e-06 -4.35513298565e-06 6.89245691264e-06 4.24616369143e-05 6.23472356381e-05 -5.39317207837e-05 -8.93532187975e-11 -1.58615181297e-11 -1.45774904716e-11
-5.77374056453e-06 -4.94636042406e-06 5.65395196262e-06 1.61491936195e-05 1.42108874344e-05 -2.80628747661e-05 5.14451497116e-06 6.70070301683e-06 -6.32783339434e-06 6.16573630769e-06 3.12190901479e-06 -5.26225917444e-06 -6.12828283727e-05 -5.39317207837e-05 0.000102807659705 5.23430098281e-11 1.35955869683e-11 2.62848014721e-11
-2.83090333096e-09 -6.1799495875e-10 -5.30152360726e-10 -1.62454482395e-09 -5.13274418558e-10 -4.39821343995e-10 -2.64132042379e-10 -2.08767791003e-10 -1.86712727698e-10 -1.7137992684e-10 4.01069815566e-11 -8.73894117909e-11 -1.72210768266e-10 -8.93532187975e-11 5.23430098281e-11 9.04650356873e-09 2.64781609312e-09 2.27076514787e-09
-6.23886379769e-10 2.27952674836e-10 -1.03024336805e-10 -5.17300443496e-10 9.2489170741e-11 -1.22771880063e-10 -1.46379153026e-10 -4.59984025762e-11 -7.6059755984e-11 -3.23272845692e-11 2.48497117366e-11 -1.88827596782e-11 -5.95184585058e-11 -1.58615181297e-11 1.35955869683e-11 2.64781609312e-09 -5.10438759622e-10 6.08175923717e-10
-5.35439533436e-10 -1.03326460959e-10 2.59751242134e-10 -4.43300354675e-10 -1.22749999493e-10 1.30517601957e-10 -1.2908254516e-10 -7.49267904033e-11 -2.74177670528e-11 -5.24940719055e-11 8.08182114229e-12 -1.26136834651e-11 -2.34901530397e-11 -1.45774904716e-11 2.62848014721e-11 2.27076514787e-09 6.08175923717e-10 -6.96698301089e-10
