# Hessian matrix (atomic units)
0.202330399657 0.114052140926 0.0974922778618 -0.190204884065 -0.103745479568 -0.088682749616 0.00999914470667 0.00966224322774 0.00838511912682 -0.0115275203272 -0.0125640668702 -0.00658548507393 -0.0105931109717 -0.0074040461262 -0.0106084528662 -5.20139487037e-06 -1.14630527293e-06 -9.83796377696e-07
0.114052140926 0.129036388796 0.0710753632338 -0.103746701785 -0.123540435659 -0.0646488855505 -0.0173301069328 -0.00949373094028 -0.00795325638681 0.0167196233247 0.0108219452843 0.0106151545887 -0.00969425331676 -0.00682563269794 -0.00908825584234 -1.13548059844e-06 4.1883163604e-07 -1.89848137211e-07
0.0974922778618 0.0710753632338 0.106645977327 -0.0886837468739 -0.0646487691158 -0.103173554283 -0.0161156107903 -0.00899356075723 -0.0075378064901 -0.010799680733 -0.0107042880115 -0.00632453769911 0.0181074431838 0.0132714732259 0.0103883578129 -9.7408192623e-07 -1.89293025699e-07 4.77257122711e-07
-0.190204884065 -0.103746701785 -0.0886837468739 0.555922957668 -3.08640613067e-05 -2.71832556464e-05 -0.094183263688 0.0750044958087 0.0698632329765 -0.142973143324 0.099744915244 -0.0835755858963 -0.12854717471 -0.0709682383693 0.102426526843 -1.03037023358e-05 -3.28098659352e-06 -2.81163980986e-06
-0.103745479568 -0.123540435659 -0.0646487691158 -3.08640613067e-05 0.555894513199 4.09763889486e-05 0.0750032633223 -0.16943352138 -0.113203294932 0.0997417386184 -0.152549166493 0.0876791982074 -0.0709657398124 -0.110367675832 0.0901327878999 -3.25545146396e-06 5.86614090636e-07 -7.78543896018e-07
-0.088682749616 -0.0646488855505 -0.103173554283 -2.71832556464e-05 4.09763889486e-05 0.555893489296 0.0698620120088 -0.113203748875 -0.153347227 -0.0835731402138 0.087677883287 -0.121380041157 0.102423442783 0.0901343807924 -0.177989245981 -2.78957412725e-06 -7.78682673896e-07 8.27810042736e-07
0.00999914470667 -0.0173301069328 -0.0161156107903 -0.094183263688 0.0750032633223 0.0698620120088 0.0967669286367 -0.0824501424079 -0.076798850196 -0.00654087811691 0.0114882320323 0.0136003089346 -0.00604254049574 0.0132891654625 0.00945233752381 -4.85306239639e-07 -2.68951527715e-07 -2.37171393636e-07
0.00966224322774 -0.00949373094028 -0.00899356075723 0.0750044958087 -0.16943352138 -0.113203748875 -0.0824501424079 0.179485148133 0.124449757999 0.0061241478555 -0.0111986772633 -0.0145644127314 -0.00834019658891 0.0106397511634 0.012311618669 -3.83582055008e-07 -8.45157277496e-08 -1.37667655054e-07
0.00838511912682 -0.00795325638681 -0.0075378064901 0.0698632329765 -0.113203294932 -0.153347227 -0.076798850196 0.124449757999 0.161800729481 -0.00883246115135 0.0136837573217 0.0107098571678 0.00738351629836 -0.0169772512715 -0.0116265221062 -3.43058914609e-07 -1.39749323225e-07 -5.03763697424e-08
-0.0115275203272 0.0167196233247 -0.010799680733 -0.142973143324 0.0997417386184 -0.0835731402138 -0.00654087811691 0.0061241478555 -0.00883246115135 0.150404636523 -0.109651301511 0.0918763012892 0.0106362631203 -0.0129340167743 0.0113286910408 -3.14887005359e-07 -5.93969318174e-08 -9.64506252643e-08
-0.0125640668702 0.0108219452843 -0.0107042880115 0.099744915244 -0.152549166493 0.087677883287 0.0114882320323 -0.0111986772633 0.0136837573217 -0.109651301511 0.160926758308 -0.0963934229659 0.0109826497896 -0.00800195687489 0.00573607772392 7.36910532595e-08 4.56579218877e-08 1.48492329544e-08
-0.00658548507393 0.0106151545887 -0.00632453769911 -0.0835755858963 0.0876791982074 -0.121380041157 0.0136003089346 -0.0145644127314 0.0107098571678 0.0918763012892 -0.0963934229659 0.126662404176 -0.0153153378868 0.0126639400355 -0.00966867627628 -1.60566004936e-07 -3.46944695195e-08 -2.31759056391e-08
-0.0105931109717 -0.00969425331676 0.0181074431838 -0.12854717471 -0.0709657398124 0.102423442783 -0.00604254049574 -0.00834019658891 0.00738351629836 0.0106362631203 0.0109826497896 -0.0153153378868 0.134545919128 0.0780174080894 -0.112598754487 -3.16413562018e-07 -1.09356967926e-07 -4.31599200823e-08
-0.0074040461262 -0.00682563269794 0.0132714732259 -0.0709682383693 -0.110367675832 0.0901343807924 0.0132891654625 0.0106397511634 -0.0169772512715 -0.0129340167743 -0.00800195687489 0.0126639400355 0.0780174080894 0.114554456199 -0.0990921070199 -1.64174229766e-07 -2.91433543964e-08 -2.67841304691e-08
-0.0106084528662 -0.00908825584234 0.0103883578129 0.102426526843 0.0901327878999 -0.177989245981 0.00945233752381 0.012311618669 -0.0116265221062 0.0113286910408 0.00573607772392 -0.00966867627628 -0.112598754487 -0.0990921070199 0.188894911379 9.61730695082e-08 2.49800180541e-08 4.82947015712e-08
-5.20139487037e-06 -1.13548059844e-06 -9.7408192623e-07 -1.03037023358e-05 -3.25545146396e-06 -2.78957412725e-06 -4.85306239639e-07 -3.83582055008e-07 -3.43058914609e-07 -3.14887005359e-07 7.36910532595e-08 -1.60566004936e-07 -3.16413562018e-07 -1.64174229766e-07 9.61730695082e-08 1.66217040132e-05 4.86499729391e-06 4.17221812654e-06
-1.14630527293e-06 4.1883163604e-07 -1.89293025699e-07 -3.28098659352e-06 5.86614090636e-07 -7.78682673896e-07 -2.68951527715e-07 -8.45157277496e-08 -1.39749323225e-07 -5.93969318174e-08 4.56579218877e-08 -3.46944695195e-08 -1.09356967926e-07 -2.91433543964e-08 2.49800180541e-08 4.86499729391e-06 -9.37860900052e-07 1.11743947429e-06
-9.83796377696e-07 -1.89848137211e-07 4.77257122711e-07 -2.81163980986e-06 -7.78543896018e-07 8.27810042736e-07 -2.37171393636e-07 -1.37667655054e-07 -5.03763697424e-08 -9.64506252643e-08 1.48492329544e-08 -2.31759056391e-08 -4.31599200823e-08 -2.67841304691e-08 4.82947015712e-08 4.17221812654e-06 1.11743947429e-06 -1.28008714739e-06
